104Pd,2p1/2-1s1/2,3057.8(3),2.163,0.1037,5.762(2)
104Pd,2p3/2-1s1/2,3091.7(2),2.145,0.1013,5.764(2)
104Pd,3d5/2-2p3/2,833.4(1),3.705,0.0802,5.91(2)
104Pd,3d3/2-2p1/2,863.6(3),3.798,0.1183,5.89(4)
104Pd,4d5/2-2p3/2,1122.5(6),3.703,0.0795,5.9(1)
104Pd,4f7/2-3d5/2,291.6(1),5.864,0.1257,6.1(4)
104Pd,4f5/2-3d3/2,294.9(2),6.252,0.0963,6.3(6)
106Pd,2p1/2-1s1/2,3050.3(5),2.157,0.1027,5.792(2)
106Pd,2p3/2-1s1/2,3084.0(3),2.148,0.1013,5.795(2)
106Pd,3d5/2-2p3/2,833.4(3),3.705,0.0802,5.92(7)
106Pd,3d3/2-2p1/2,863.8(3),3.798,0.1184,5.86(4)
106Pd,4d5/2-2p3/2,1124.8(4),3.703,0.0795,5.77(9)
106Pd,4f7/2-3d5/2,291.7(2),5.864,0.1257,5.6(7)
106Pd,4f5/2-3d3/2,295.1(3),6.251,0.0963,5.6(8)
108Pd,2p1/2-1s1/2,3042.9(2),2.153,0.1020,5.822(2)
108Pd,2p3/2-1s1/2,3076.6(2),2.149,0.1012,5.824(2)
108Pd,3d5/2-2p3/2,833.3(1),3.705,0.0799,5.95(2)
108Pd,3d3/2-2p1/2,863.5(1),3.798,0.1184,5.91(1)
108Pd,4d5/2-2p3/2,1124.4(3),3.702,0.0793,5.87(7)
108Pd,4f7/2-3d5/2,291.6(1),5.864,0.1257,5.8(3)
108Pd,4f5/2-3d3/2,294.9(1),6.252,0.0963,6.3(3)
110Pd,2p1/2-1s1/2,3036.2(7),2.149,0.1013,5.849(3)
110Pd,2p3/2-1s1/2,3068.8(4),2.153,0.1013,5.856(2)
110Pd,3d5/2-2p3/2,833.4(2),3.704,0.0799,5.94(5)
110Pd,3d3/2-2p1/2,863.4(3),3.798,0.1184,5.92(4)
110Pd,4d5/2-2p3/2,1124.2(5),3.702,0.0793,5.9(1)
110Pd,4f7/2-3d5/2,291.6(1),5.864,0.1257,6.1(4)
110Pd,4f5/2-3d3/2,294.9(2),6.252,0.0963,6.3(8)
